time,x,y,$\xi$,S,$\Delta V$
0.0,0.0,2.7163278786369767,-2.5161458919643067,944.0168486843561,0.0
100.0,0.0,2.3400851305697636,-2.0667474920986337,837.0179458602838,8.526512829121202e-14
200.0,0.0,2.0753235294613743,-2.0202675808963693,761.7333509236071,1.9895196601282805e-13
300.0,0.00010930395947098921,2.0174403674995243,-1.2464615925661735,745.2940544919846,-1.1368683772161603e-13
400.0,0.00018770491825430646,2.5953525780946882,-1.0438047098878576,909.6840336265185,-1.7053025658242404e-13
500.0,0.00042305138782017905,3.042231654756395,-0.5710350399806778,1036.8172627602355,2.2737367544323206e-13
600.0,0.0005708795336322948,4.356082524247702,-0.3244711199705888,1410.526345223309,-1.1368683772161603e-13
700.0,0.0007980590995273282,6.160240354135784,0.013416486299912572,1923.6878053105602,-5.684341886080801e-13
800.0,0.001265934849487974,8.446245241885652,0.6150251639465998,2573.8956498598513,4.547473508864641e-13
900.0,0.001425026097202836,11.360463088433796,0.8002509983648972,3402.776344696595,-9.094947017729282e-13
1000.0,0.0023862946953150757,14.809944061554013,1.577405048199166,4383.894961615184,4.547473508864641e-13
1100.0,0.0025893402567287683,20.783073965527226,1.6742385997486455,6082.748427913308,0.0
1200.0,0.0015154928005988498,22.390053060871793,0.9022536554814505,6539.87770272349,-9.094947017729282e-13
1300.0,0.0010037250509559372,20.969815843347487,0.2902147366299518,6136.075762162089,1.8189894035458565e-12
1400.0,0.0009106983110341422,18.437462145869883,0.16781938105907096,5415.997004714036,1.3642420526593924e-12
1500.0,0.000945364855532663,16.371122944672255,0.2139329223855675,4828.461886505606,-2.2737367544323206e-13
1600.0,0.0012763986640710637,15.88845803262927,0.6274557021693667,4691.332859598014,1.3642420526593924e-12
1700.0,0.0004011998591951871,14.655456318233119,-0.6099491759842567,4340.81717701659,-1.1368683772161603e-12
1800.0,0.0005571903343876892,12.155174539930382,-0.3462486324690314,3629.8961831085862,-1.1368683772161603e-13
1900.0,0.0007609841045347296,11.313893282296405,-0.039091403776817024,3390.804084543586,0.0
2000.0,0.0007914780513120662,11.025288303571307,0.0041610732463992495,3308.902275865189,0.0
2100.0,0.0004192035578451975,9.349967565376,-0.5778340372659495,2832.6276707427155,3.410605131648481e-13
2200.0,0.0005305076895477755,8.14087734664786,-0.3892580343740634,2488.958200775013,-3.410605131648481e-13
2300.0,0.0006206339379619942,8.503242556686544,-0.24685030514380354,2592.219840521205,-3.410605131648481e-13
2400.0,0.0007320749326210384,9.156652794481438,-0.0806750001021797,2778.263882773963,7.958078640513122e-13
2500.0,0.00042204229139914924,8.602861638515387,-0.5728159247062999,2620.989056580266,-1.1368683772161603e-13
2600.0,0.0009304871380823815,9.288235003044498,0.1942182822769811,2816.141839767971,-9.094947017729282e-13
2700.0,0.0005178360931975193,9.057683472036064,-0.40995475601332054,2750.8148147183856,-1.5916157281026244e-12
2800.0,0.0005133619310430856,8.528403235837354,-0.41730583751294914,2600.53859075552,3.410605131648481e-13
2900.0,0.00013952530760821444,7.700057944568405,-1.16359566972856,2365.2175232516765,1.1368683772161603e-13
3000.0,0.0003108565103595312,6.414716927538906,-0.7797370349742514,1999.9361432303112,4.547473508864641e-13
3100.0,0.0007387659923125082,6.5095503449578604,-0.07099871120381684,2027.1856585129917,0.0
3200.0,0.0010057008765742108,7.715344834818293,0.29276898370617804,2370.40180369416,7.958078640513122e-13
3300.0,0.0006725554251039014,8.627116445192694,-0.16819857884596273,2630.0071580867393,5.684341886080801e-13
3400.0,0.0008028382865469443,8.905493118155498,0.020120624477848473,2709.4843241504896,1.0231815394945443e-12
3500.0,0.0006741692179904069,9.131605001534925,-0.1657896677335461,2774.1067321550663,4.547473508864641e-13
3600.0,0.0010011863101702084,10.054206686541871,0.28693012722822314,3036.8202045625353,9.094947017729282e-13
3700.0,0.0006044035954766097,10.15828314566736,-0.27191648279859604,3066.7544847662894,-6.821210263296962e-13
3800.0,0.0005553683857939374,9.401417902110065,-0.3491615100694268,2851.846344477148,1.1368683772161603e-13
3900.0,0.0007216153693409758,9.245829140363206,-0.09586505041813431,2807.950653575208,-5.684341886080801e-13
4000.0,0.00045733673436179146,8.990346554998501,-0.5114030548508329,2735.6545959049618,-2.2737367544323206e-13
4100.0,0.0006740380748550091,8.649127972363804,-0.16598534787471217,2638.9846764870945,1.4779288903810084e-12
4200.0,0.0007761512987232975,7.832000879181627,-0.017501985324682223,2406.97585225292,5.684341886080801e-13
4300.0,0.0011257888772538002,9.380483877397204,0.4447964112073562,2847.7560338042126,-7.958078640513122e-13
4400.0,0.0010194925423320528,10.923357132403178,0.3105482030359246,3286.9503208893766,4.547473508864641e-13
4500.0,0.0012120365540524197,12.48656397102696,0.5504012500645428,3731.937016872147,-4.547473508864641e-13
4600.0,0.000634555810879975,12.231485887058874,-0.22553649290779393,3659.813040304914,-2.2737367544323206e-13
4700.0,0.000990623899316328,12.58105018185185,0.2732322706415405,3759.6589379164266,4.547473508864641e-13
4800.0,0.000684417302040612,12.918692699537834,-0.1505404030505235,3856.123886508514,-9.094947017729282e-13
4900.0,0.0002125876631668898,11.242397167882551,-0.9863443344664404,3379.834481496381,7.958078640513122e-13
5000.0,0.00026307950536764784,8.86056568091029,-0.8766895806591263,2702.9003021683293,-1.1368683772161603e-13
5100.0,0.0004898982717899045,8.058756101530248,-0.456240898588999,2475.3340289939415,6.821210263296962e-13
5200.0,0.0008938266431487481,8.087821496935298,0.14514883810539542,2484.078299052777,-3.410605131648481e-13
5300.0,0.00033616902243378393,8.129652059408972,-0.7305585440108934,2496.4627083131836,0.0
5400.0,0.0005225538639446151,7.88299152995584,-0.4022281046962233,2426.810002514121,5.684341886080801e-13
5500.0,0.00021410790210005728,7.333639457739732,-0.9829144768467039,2271.08159975075,-1.2505552149377763e-12
5600.0,0.0006961507180600295,7.339853310376602,-0.1331813456430349,2273.365950643115,6.821210263296962e-13
5700.0,0.0005744213110872881,7.74699390221315,-0.31886734630536206,2389.6836981400065,0.0
5800.0,0.0011092947333175753,8.845915444224193,0.424273708572351,2702.7538077112163,-7.958078640513122e-13
5900.0,0.0005380770851066768,9.441627975333178,-0.3769795926878153,2872.721162816566,5.684341886080801e-13
6000.0,0.0005088117431097816,9.301718938708323,-0.42480548407170576,2833.4876612060325,-1.1368683772161603e-13
6100.0,0.0007591585278704415,8.744084551698233,-0.04170036374047492,2675.4630165309645,0.0
6200.0,0.0015009377578892667,10.658085958049153,0.8859934741437288,3220.3815680362277,4.547473508864641e-13
6300.0,0.0008580442422369292,11.717375707412733,0.0965521109056793,3522.2301313337944,6.821210263296962e-13
6400.0,6.635940555404654e-05,10.014032626300033,-1.3804144525609934,3038.395955703679,1.1368683772161603e-13
6500.0,0.0005173109016642761,8.714374304972681,-0.41081646379503045,2669.3797953674234,-1.1368683772161603e-13
6600.0,0.00043150723191005634,8.25139879796885,-0.5561714000984581,2538.32632911935,0.0
6700.0,0.00025210788216570914,7.399716401171495,-0.8998228012333539,2296.734757726468,9.094947017729282e-13
6800.0,0.0005204946335626771,7.216601418461088,-0.40559756624180754,2245.293926366237,0.0
6900.0,0.0003258151008811074,7.36741009163908,-0.7505080438085526,2288.83118389855,4.547473508864641e-13
7000.0,7.527409516429754e-05,6.418762420589767,-1.350509815976082,2019.6932925215515,3.410605131648481e-13
7100.0,0.00013991396738053082,5.248916902224899,-1.1625747315501345,1687.6570035292953,2.8421709430404007e-13
7200.0,0.0004931241725350833,5.046736448642811,-0.45084880073631106,1630.8349644380396,-2.2737367544323206e-13
7300.0,0.0011852708412420263,6.718002987920123,0.51792618721503,2106.8315914532727,0.0
7400.0,0.0014050520288335002,9.571292699498963,0.7774196003423343,2919.0059864157392,1.1368683772161603e-13
7500.0,0.0005564051867079241,10.803644406019043,-0.34750348302603884,3270.1960274404028,0.0
7600.0,0.0008315952337396555,10.813319211705041,0.060161772967272195,3273.6672100757783,4.547473508864641e-13
7700.0,0.00036133360419964646,10.224642682455581,-0.6829706115827789,3106.9777633232165,-9.094947017729282e-13
7800.0,0.000728844767107527,9.195917120042601,-0.08535768032520717,2815.148900421217,-5.684341886080801e-13
7900.0,0.0013166182286979216,10.499739452013612,0.6748978374774093,3186.707226735678,-6.821210263296962e-13
8000.0,0.0012540699293462348,13.542137208981444,0.6008854129007055,4052.727011703164,2.2737367544323206e-13
8100.0,0.0019327966409002071,15.740662267674242,1.3003825062174608,4678.760049356433,9.094947017729282e-13
8200.0,0.002438900022581185,18.364547282175863,1.6036869853173574,5425.776147371333,2.2737367544323206e-12
8300.0,0.0020658471830240508,20.133946080695967,1.3933827290918053,5929.787095910371,-1.5916157281026244e-12
8400.0,0.0020818864966898835,23.42659837245681,1.4037980087536588,6867.022110263522,0.0
8500.0,0.002526187694524028,25.165212170226752,1.6453998946703559,7362.299391818968,9.094947017729282e-13
8600.0,0.0022585022767190113,27.105176110534334,1.5094547410252517,7914.8515119342255,1.3642420526593924e-12
8700.0,0.0016276223019458314,26.031983432020446,1.025693361125422,7610.4727913818015,-9.094947017729282e-13
8800.0,0.004551070310503289,28.55241739138689,2.2769445644248236,8328.132432647262,-4.547473508864641e-13
8900.0,0.003551586110102913,37.314241382044486,2.0207912739627103,10820.854389675103,1.3642420526593924e-12
9000.0,0.002356495247368195,35.690575882494876,1.5621024175354277,10359.9541719909,-9.094947017729282e-13
9100.0,0.0018561103617578591,34.578717427617825,1.2403630957425267,10044.622960137825,0.0
9200.0,0.004637798002077693,34.990142653531706,2.2961952326788424,10162.524756037403,-2.7284841053187847e-12
9300.0,0.0019208649669936913,32.631114160536264,1.2913903221395193,9492.520690412894,-9.094947017729282e-13
9400.0,0.0014419323579060123,29.68035415526889,0.8194859983423454,8654.23940662104,9.094947017729282e-13
9500.0,0.0011392754461920633,26.629840626558252,0.4614967737814,7787.5994930673605,-4.320099833421409e-12
9600.0,0.0010307276926407065,23.841138878084852,0.32496793907481036,6995.430171097372,4.547473508864641e-13
9700.0,0.0014618509459098903,21.400649724453782,0.8420445706612688,6302.303881962278,0.0
9800.0,0.0020045330228996242,21.72481916199572,1.352075343129421,6395.457917197385,1.3642420526593924e-12
9900.0,0.0017733834029346075,21.586106383736592,1.1688138302976043,6356.979722082133,0.0
10000.0,0.0013264458943541707,21.075553239484428,0.6864107571655022,6212.761650091482,9.094947017729282e-13
