600
840
1080
1320
1560
1800
2040
2280
2520
2760
3000
3240
3480
3720
3960
4200
4440
4680
4920
5160
5400
5640
5880
6120
6360
6600
6840
7080
7320
7560
7800
8040
8280
8520
8760
9000
9240
9480
9720
9960
10200
10440
10680
10920
11160
11400
11640
11880
12120
12360
12600
12840
13080
13320
13560
13800
14040
14280
14520
14760
15000
15240
15480
15720
15960
16200
16440
16680
16920
17160
17400
17640
17880
18120
18360
18600
18840
19080
19320
19560
19800
20040
20280
20520
20760
21000
21240
21480
21720
21960
22200
22440
22680
22920
23160
23400
23640
23880
24120
24360
24600
24840
25080
25320
25560
25800
26040
26280
26520
26760
27000
27240
27480
27720
27960
28200
28440
28680
28920
29160
29400
29640
29880
30120
30360
30600
30840
31080
31320
31560
31800
32040
32280
32520
32760
33000
33240
33480
33720
33960
34200
34440
34680
34920
35160
35400
35640
35880
36120
36360
36600
36840
37080
37320
37560
37800
38040
38280
38520
38760
39000
39240
39480
39720
39960
40200
40440
40680
40920
41160
41400
41640
41880
42120
42360
42600
42840
43080
43320
43560
43800
44040
44280
44520
44760
45000
45240
45480
45720
45960
46200
46440
46680
46920
47160
47400
47640
47880
48120
48360
48600
48840
49080
49320
49560
49800
50040
50280
50520
50760
51000
51240
51480
51720
51960
52200
52440
52680
52920
53160
53400
53640
53880
54120
54360
54600
54840
55080
55320
55560
55800
56040
56280
56520
56760
57000
57240
57480
57720
57960
58200
58440
58680
58920
59160
59400
59640
59880
60120
60360
60600
60840
61080
61320
61560
61800
62040
62280
62520
62760
63000
63240
63480
63720
63960
64200
64440
64680
64920
65160
65400