0.41
0.33
0.28
0.84
0.72
0.63
0.48
0.42
0.36
0.36
0.38
0.36
0.37
0.51
0.44
2.86
3.47
15.59
10.39
8.86
6.81
5.51
4.32
3.44
3.11
2.41
1.52
1.24
4.54
18.42
13.65
20.37
12.38
8.5
9.41
6.51
3.45
2.63
2.17
2.91
3.46
2.37
2.02
1.96
2.69
3.28
2.84
1.92
1.71
1.85
1.66
1.59
1.76
1.92
1.27
1.34
1.67
1.35
2.25
3.43
2.35
2.02
2.18
1.63
1.71
3.13
3.13
3.13
3.13
1.71
1.77
1.87
1.61
2.39
1.76
2.27
1.85
2.11
2.73
2.41
2.42
2.19
3.2
2.38
3.71
5.49
5.85
6.18
7.09
6.86
5.65
4.77
3.66
5.95
6.64
5.26
4.81
7.5
7.5
7.69
7.97
5.33
5.9
6.19
6.31
7.81
8.93
9.3
8.09
8.34
7.2
6.81
8.38
6.73
6.14
6.3
6.31
6.3
5.48
4.93
4.37
4.29
3.9
5.05
7.79
9.25
10.69
11.02
11.02
21.2
18.75
19.36
17.68
15.24
15.38
14.7
17.26
19.79
23.64
25.12
25.15
24.09
27.08
24.12
30.71
30.58
30.31
29.01
27.9
28.56
26.29
33.53
35.6
28.31
30.46
36.96
29.19
27.78
27.78
27.78
29.17
26.36
20.53
16.08
14.23
14.64
13.09
12.23
11.21
9.36
7.99
8.14
7.51
7.12
6.56
5.54
5.25
5.31
5.14
4.62
5.56
4.22
3.54
3.68
3.49
3.76
3.34
3.69
3.46
3.52
3.31
4.2
3.93
3.66
3.24
3.42
4.64
4.79
6.15
6.1
5.29
4.59
4.27
4.56
4.05
4.43
4.32
5.32
5.32
5.45
7.51
9.88
8.77
9.66
28.43
42.64
17.05
11.34
10.18
11.8
11.12
10.59
10.13
9.79
9.57
10.12
9.85
11.19
11.24
10.52
10.62
8.72
8.37
8.1
7.76
7.6
6.75
6.86
6.77
6.67
6.8
6.67
5.28
5.49
4.86
4.82
4.24
3.91
3.74
4.06
3.87
3.78
4.06
3.24
3.89
3.41
3.41
3.26
3.43
3.44
3
2.97
4.78
3.38
2.61
3.69
4.31
3.29
2.93
2.68
2.77